a1 = 21786.1571;
b1 = 19186.1581;

a2 = 21786.1571;
b2 = 19186.1581;

ac = 56.8828;
bc = -8236.1969;

n = 2;

mdot = (b1*a2 + (n-1)*b1*ac - (n-1)*ac*b2+ a2*bc)/(a1*a2+(n-1)*a1*ac+a2*ac)